DATASET_HEATMAP
SEPARATOR TAB
DATASET_LABEL	example_heatmap
COLOR	#ff0000
FIELD_LABELS	A	AB	AB-2	AB-3	AB-4	AB-5	AB-6	AB-7	AB-8	AB-9	AB0	ABAB	ABAB-2	ABAB-3	ABAB-4	ABAB-5	ABAB-6	ABAB-7	ABAB-8	ABAB-9	ABAB0	B	BA	BA-2	BA-3	BA-4	BA-5	BA-6	BA-7	BA-8	PA	PA-2	PA-3	PAB	PAB-2	PAB-3	PAB-4	PAB-5	PAB-6	PB	PB-2	PB-3	PB-4	PB-5	PB-6	PB-7	PB-8
FIELD_TREE	((B:142.3955784,(PB-2:139.5193445,((PB-5:76.02154579,PB-8:76.02154579):50.6651109,((PB:83.57877033,PB-4:83.57877033):33.33712408,(PB-3:102.1277802,(PB-6:71.86144846,PB-7:71.86144846):30.26633171):14.78811424):9.770762289):12.83268783):2.876233903):160.108013,((PA-2:127.7617125,(A:118.1359852,(PA:97.87470741,PA-3:97.87470741):20.26127781):9.625727274):86.96870461,(((BA-7:127.2221097,BA-8:127.2221097):37.35176258,((BA:105.4371149,BA-2:105.4371149):44.59537833,(BA-3:115.5984187,BA-4:115.5984187):34.43407456):14.54137905):27.47329182,(((AB-5:159.628519,(AB-8:96.92471331,(AB-9:81.50281184,(AB-7:79.30488005,AB0:79.30488005):2.197931791):15.42190146):62.70380568):15.79913428,(((PAB-5:109.3299731,PAB-6:109.3299731):41.96741026,((PAB-2:82.0926705,PAB-3:82.0926705):53.38262317,(PAB:105.7644425,PAB-4:105.7644425):29.71085116):15.82208973):15.4192982,(((ABAB-7:111.6617077,ABAB-8:111.6617077):16.29105802,(ABAB-9:114.002161,(ABAB-5:87.35916237,ABAB-6:87.35916237):26.64299863):13.95060475):28.62179485,(AB-6:128.36994,(AB-4:107.5344726,(AB-3:102.300002,(AB:76.06679417,AB-2:76.06679417):26.23320781):5.234470609):20.83546744):28.20462057):10.14212099):8.710971663):10.05434819,((BA-5:99.4395892,BA-6:99.4395892):82.71825963,((ABAB-3:129.8309142,(ABAB-2:110.0470767,ABAB-4:110.0470767):19.78383741):28.43180625,(ABAB:145.1259023,ABAB0:145.1259023):13.13681808):23.89512842):3.324152614):6.565162668):22.68325299):87.77317435);
DATA
DonA_bin_102	84.2	68.3	78.56	75.1	77.33	99.86	85.58	99.48	98.21	93.71	98.94	56.91	84.04	95.64	69.83	93.47	86.7	74.42	83.49	87.57	71.57	13.52	68.73	52.96	53.02	13.97	99.82	99.68	73.52	79.45	70.48	57.46	81.72	53.8	81.22	60.7	44.56	72.25	67.86	9.19	10.11	4.67	14.32	14.12	6.48	13.99	13.09
DonA_bin_103	97.05	81.16	86.8	43.52	57.29	8.78	53.71	96	95.93	95.87	95.51	93.35	89.9	55.28	90.8	65.54	33.08	43.55	58.39	66.97	78.45	2.76	38.99	83.37	71.68	69.14	32.8	23.29	84.8	84.32	94.3	95.64	91.74	16.19	65.95	92.1	70.87	85.36	87.45	2.58	2.67	1.96	2.03	2.73	1.87	1.54	2.45
DonA_bin_104	88.49	68.36	49	34.55	41.73	1.16	29.89	89.72	84.6	94.93	89.92	91.47	90.45	86.5	97.9	60.91	34.29	29.22	36.36	20.86	83.33	0.77	25.63	70.55	57.6	57.19	30.89	38.64	91.67	65.93	94.31	95.23	94.39	32.65	85.07	94.05	52.76	84.57	76.37	0.58	0.62	0.28	0.47	0.57	0.34	0.29	0.47
DonA_bin_106	96.73	70.51	49.7	54.27	68.13	83.19	90.49	78.31	84.06	73.64	81.87	49.53	83.44	56.93	74.62	88.47	93.57	91.64	95.62	98.4	89.37	0.38	92.07	83.76	89.83	38.76	88.62	95.15	80.17	90.3	68.58	89.85	85.16	40.77	92.22	84.6	83.29	91.99	91.32	0.32	0.3	0.15	0.24	0.25	0.23	0.27	0.22
DonA_bin_109	99.8	99	98.59	99.48	78.73	99.98	97.82	99.9	99.96	99.61	99.86	3.04	99.96	95.99	99.84	97.08	98.76	15.19	99.28	99.67	5.2	1.08	98.94	98.97	6.7	1.6	99.96	93.85	99.86	99.92	99.46	99.79	99.9	97.57	99.23	91.76	98.97	99.21	98.43	0.7	0.51	0.21	0.36	0.42	0.37	0.51	0.24
DonA_bin_111	29.92	60.96	92.59	75.36	46.01	89.78	54.05	88.68	91.01	90.11	59.35	84.34	96.66	96.03	95.15	72.94	81.13	81.94	51.99	63.2	84.39	4.68	29.77	18.64	21.89	41.95	93.17	83.62	38.75	54.08	58.72	87.29	55.62	81.6	87.2	85.55	63.82	64.72	59.8	8.3	10.67	9.34	9.16	15.27	8.09	4.83	12.08
DonA_bin_112	26.06	38.63	40.55	41.24	38.74	83.6	74.24	36.6	38.72	36.87	33.96	12.93	20.98	29.91	70.06	42.94	96.54	88.92	74.23	76.05	61.44	0.08	90.75	47.66	68.21	70.43	18.83	25.06	32.92	16.39	23.22	43.85	31.76	23.94	30.41	39.51	42.46	4.43	13.92	0.24	0.24	0.09	0.08	0.09	0.13	0.06	0.1
DonA_bin_113	72.45	55.4	64.5	39.4	47.53	41.59	30.08	67.51	63.4	60.07	67.14	74.73	70.71	90.61	73.2	54.01	61.05	32.73	54.45	49.95	50.09	26.48	55.93	74.04	71.99	61.25	75.9	60.45	53.06	41.73	71.69	60.92	58.17	25.71	26.31	43.97	33.13	71.88	49.95	24.75	12.67	18.06	16.67	30.26	18.9	12.61	31.93
DonA_bin_114	97.86	88.56	84.1	63.02	92.85	97.01	92.8	99.6	99.11	99.62	99.58	97.66	94.05	95.71	95.02	42.08	51.71	43.48	91.17	92.59	96.16	8.59	29.12	38.51	40.84	44.07	96.68	48.36	90.81	89.45	97.58	99.56	95.27	52.35	86.16	90.01	51.75	95.33	87.08	6.93	8.7	7.42	6.66	10.28	3.86	5.83	5.56
DonA_bin_117	8.79	9.12	11.26	10.98	12.22	4.09	3.47	22.85	20.52	7.5	6.63	25.37	16.03	32.27	28.94	30.35	11.8	8	7.55	13.9	24.08	11.09	3.58	3.4	5.42	2.81	7.68	4.75	5.81	7.76	24.73	49.42	18.52	7.4	34.23	57.96	19.47	35.99	43.87	29.6	12.41	13.44	7.88	20.01	13.65	11.92	13.32
DonA_bin_119	64.96	21.31	31.1	20.16	21.03	47.7	41.85	31.62	18.93	30.49	20.03	27.47	34.54	40.22	20.33	23.54	15.92	37.04	27.33	24.29	25.77	25.73	30.53	20.59	27.78	48.83	74.09	60.98	38.14	50.67	42.53	16.02	71.93	62.28	78.12	49.09	41.6	48.78	27.43	27.58	12.03	23.8	12.08	26.91	21.57	7.27	9.72
DonA_bin_12	99.55	99.84	99.87	99.93	99.5	95.18	99.89	99.26	99.9	95.94	98.92	77.04	98.39	31.49	38.55	99.79	99.84	99.96	99.93	98.47	99.18	0.98	99.96	99.9	99.91	99.87	85.43	96.62	99.96	99.92	99.92	99.77	99.98	83.43	99.73	96.95	77.62	89.47	99.34	1.65	1.24	0.26	0.25	0.66	0.43	0.73	0.6
DonA_bin_121	43.87	35.41	45.35	29.93	18.32	15.14	10	22.25	27.99	51.64	13.79	23.98	44.21	79.28	55.39	22.31	21.32	8.43	7.3	11.06	22.81	4.61	22.78	23.6	21.08	48.12	29.23	7.89	7.14	5.66	7.93	65.62	4.72	6.05	11.38	12.59	1.22	7.2	14.83	4.56	2.81	2.15	3.43	8.39	3.8	1.84	5.97
DonA_bin_123	78.84	99.06	97.3	84.41	88.41	95.03	77.22	99.38	98.88	97.79	98.69	88.78	97.21	97.84	98.08	98.61	95.32	48	93.82	95.71	81.42	3.21	88.46	92.95	65.2	54.87	84.86	95.49	98.03	49.32	98.12	99.39	86.92	48.75	57.6	40.44	32.73	88.34	84.42	3.17	3.35	1.82	2.21	3.25	1.97	1.74	3.24
DonA_bin_124	85.51	61.61	68.65	64.88	70.23	45.34	21.71	37.18	28.9	29.8	30.2	16.23	18.33	23.81	13.52	23.1	17.43	19.2	22.53	24.27	21.02	23.98	18.33	14.5	10.44	20.21	37.64	37.04	18.26	25.25	71.81	65.91	77.98	13.53	20.9	15.64	10.9	20.77	13.27	11.86	15.58	9.63	20.97	4.5	14.23	20.29	5.13
DonA_bin_125	18.46	10.21	6.66	3.28	4.75	0.47	1.42	7.91	1.08	8.51	12.58	10.55	8.01	2.23	7.33	5.6	5.88	0.96	5.59	3.14	4.39	0.57	11.94	25.73	11.83	3.94	1.75	3.98	8.14	1.25	31.34	62.14	49.77	7.49	9.74	20.29	1.21	33.35	19.62	0.5	0.52	0.24	0.37	0.58	0.27	0.2	0.51
DonA_bin_126	93.39	80.93	64.57	34.19	47.88	49.65	45.65	93.12	91.09	88.81	93.12	90.08	9.47	81.65	89.53	53.74	71.29	4.45	26.34	41.96	21.27	0.88	43.72	39.07	17.86	5.51	3.45	14.81	58.96	5.4	15.47	16.62	3.7	1.76	4.54	7.81	2.43	10.05	11.24	0.63	0.99	0.47	0.66	0.82	0.65	0.44	0.87
DonA_bin_127	71.34	36.91	48.01	24.73	40.97	9.53	50.59	52.58	76.56	78.96	51.74	46.5	55.31	38.13	43.82	28.9	29.87	31.35	30.43	37.48	52.46	20.64	4.76	19.45	26.59	16.13	20.52	16.12	33.27	38.05	42.1	72.5	71.67	16.67	34.5	62.59	23.75	60.98	48.8	23.17	26.86	18.47	11.84	23.08	14.14	12.37	16.81
DonA_bin_130	14.29	24.17	18.99	9.35	20.47	0.79	12.38	49.55	47.22	49.51	55.4	39.33	53.72	28.91	33.01	19.02	10.25	12.24	9.93	10.03	24.98	0.37	27.09	45.31	17.97	17.16	13.54	13.01	18.53	24.17	25.9	38	31.98	12.78	17.58	33.97	11.66	22.8	28.22	0.25	0.21	0.14	0.16	0.32	0.12	0.08	0.26
DonA_bin_132	49.72	49.86	73.73	38.33	58	96.95	73.32	55.33	53.41	51.72	43.51	61.5	85.8	84.42	76.48	51.27	48.98	64.4	65.61	51.62	44.25	1.58	48.17	21.11	55.09	68.7	62.31	53.23	27.34	42.12	51.35	52.64	11.01	64.31	56.54	71.49	49.26	53.49	40.39	1.21	1.06	0.73	0.92	1.32	0.61	0.3	0.94
DonA_bin_133	75.77	75.09	43.05	64.16	80.47	83.44	22.52	77.78	82.94	87.71	82.52	42.2	15.31	96.28	32.49	77.46	14.29	24.1	33.52	16.54	12.57	36.16	19.61	29.06	26.63	48.64	16.99	14.39	25.2	14.39	62.97	41.36	35.2	15.63	16.77	31.24	15.33	85.08	88.7	23.58	31.41	28.55	31.04	12.81	6.72	12.21	28.82
DonA_bin_14	45.19	46.31	64.19	38.62	21.37	22.85	7.97	35.61	32.46	66.48	26.71	58.8	84.92	73.48	75.02	54.51	28.44	21.43	10.24	30.31	43.37	8.32	32.89	21.28	32.35	44.82	19.43	15.08	16.69	15.84	49.73	88.84	18.14	38	35.24	44.81	10.2	47.78	56.2	6.96	5.65	5.98	10.54	7.78	3.12	3.05	4.99
DonA_bin_16	99.72	99.69	99.7	99.79	99.96	99.75	99.98	98.48	99.52	98.51	99.28	93.84	99.62	98	98.84	97.65	97.64	99.81	99.84	99.62	99.11	15.62	98.01	96.69	98.75	94.39	99.25	99.49	97.49	97.96	99.97	99.87	99.93	97.13	99.94	99.67	12.56	99.4	94.7	18.05	14.05	18.9	17.81	16.87	17	15.13	12.16
DonA_bin_19	59.4	44.34	38.09	49.74	56.26	0.78	2.71	90.53	43.71	30.67	14.52	56.44	80.95	59.73	59.26	64.37	32.96	1.56	1.16	12.79	19.08	1.14	11.94	12.68	11.76	5.54	8.76	1.88	59.87	3.93	13.09	49.82	22.72	2.75	8.03	2.19	0.57	6.59	7.64	0.59	1.03	0.45	0.5	0.68	0.37	0.33	0.75
DonA_bin_21	48.85	10.07	9.25	31.19	47.27	28.32	12.74	85.13	55.64	97.54	95.6	21.22	3.26	0.06	0.1	53.49	23.29	7.36	3.3	49.8	62.37	0.19	39.96	23.52	9.57	3.49	46.84	44.59	7.33	39.97	21.37	57.97	6.18	19.12	48.22	10.29	21.23	15.33	72.44	0.09	0.07	0.02	0.06	0.05	0.02	0.07	0.05
DonA_bin_22	16.66	37.06	28.93	7.51	43.39	19.63	4.54	60.63	55.33	36.2	70.89	92.26	59.63	8.82	26.05	59.67	32.1	27.85	3.8	64.96	76.52	1.83	12.03	54.45	63.96	47.52	19.53	12.09	31.19	44.38	44.71	72.23	24.71	3.36	5.02	14.49	1.74	59.26	47.73	1.69	1.89	0.96	1.13	1.94	1.27	1.26	1.81
DonA_bin_23	63.17	42.1	46.49	60.28	34.27	32.76	59.72	55.56	62.84	56.81	47.83	16.59	47.77	32.22	51.91	74.94	67.8	81.42	70.47	60.24	53.63	0.13	76.32	73.27	52.38	17.19	24.91	18.76	40.2	61.99	49.86	42.25	93.85	18.2	43.13	29.18	6.41	29.06	27.27	0.17	0.09	0.04	0.08	0.07	0.09	0.1	0.06
DonA_bin_24	69.09	50.04	44.44	67.55	52.16	57.44	66.38	21.71	50.68	34.15	24.45	10.96	35.95	24.47	39.81	70.48	73.74	65.61	61.57	78.02	45.56	0.25	85.12	76.08	71.5	41.21	5.47	17.49	45.72	37.31	89.84	64.22	97.38	21.45	25.85	22.6	23.63	9.83	35.27	0.33	0.25	0.17	0.21	0.2	0.2	0.23	0.15
DonA_bin_25	39.43	35.84	54.65	10.5	16.85	2.63	22.14	13.14	22.93	20.11	22.61	28.52	50.26	58.83	47.42	16.04	18.31	23.27	27.3	19.91	14.98	4.22	8.69	22.51	17.07	30.21	43.28	17.84	20.16	13.7	20.49	31.93	20.49	1.65	6.78	15.84	4.32	17.19	18.13	1.79	1.44	0.8	1.36	3.45	1	0.92	2.74
DonA_bin_28	28.89	80.62	91.45	87.31	80.21	91.77	79.48	59.41	75.45	63.79	2.87	41.14	47.63	5.73	23.16	67	83.13	12.38	11.41	60.4	50.28	0.37	78.53	41.89	3.79	7.85	75.32	83.09	64.8	59.73	2.63	90.92	47.91	2.71	89.89	70.09	39.56	33.71	23.36	0.16	0.46	0.29	0.45	0.16	0.25	0.11	0.14
DonA_bin_29	82.12	41.54	35.5	12.6	22.59	41.43	27.46	26.59	22.39	17.31	35.37	32.76	65.41	48.69	41.1	27.11	24.76	10.85	11.98	20.3	14.96	10.09	22.56	33.06	20.38	40.13	48.33	29.81	26.15	13.41	39.84	31.68	32.99	11.21	61.64	62.31	17.87	63.53	44.68	8.66	5.11	6.62	5.07	8.89	2.81	1.41	5.71
DonA_bin_3	54.53	98.25	90.5	3.01	99.27	8.16	2.87	9.88	0.76	26.36	8.36	9.05	3.55	10.6	48.13	42.18	4.42	9.35	91.38	1.19	69.64	0.18	71.48	18.85	71.28	51.14	49.6	64.96	10.4	2.69	71.01	63.63	14	6.65	49.9	43.88	15.28	30.57	12.64	0.22	0.33	0.26	0.77	0.19	0.14	0.1	0.18
DonA_bin_31	26.63	45.46	50.24	21.27	44.55	38.8	21.31	13.37	22.98	20.99	38.47	2.49	13.32	4.44	3.84	8.61	6.18	2.89	2.96	4.1	3.24	23.94	24.5	16.8	10.47	18.7	16.5	4.74	2.81	5.96	52.35	49.64	41.53	5.69	8.46	7.27	5.73	2.8	10.64	16.17	11.1	13.93	14.1	8.99	4.88	4.3	11.39
DonA_bin_32	99.19	22.03	14.78	16.52	96.88	72.36	31.08	64.97	44.02	50.94	50.92	98.82	68.26	49.43	52.56	49.88	14.24	90.82	29.77	42.69	98.83	39.97	47.72	80.81	96.31	71.57	23.65	35.61	42.31	76.43	87.76	97.25	55.7	37.24	42.2	65.84	48.67	78.78	82.19	33.31	37.85	24.99	32.28	33.46	29.24	23.98	32.67
DonA_bin_33	86.77	78.59	50.71	87.09	82.58	81.66	44.7	97.53	55.43	87.08	91.88	68.17	4.03	2.53	11.55	67.94	27.51	5.36	2.75	57.98	95.39	20.81	80.06	36.59	74.75	13.97	9.56	17.16	47.53	53.42	79.94	47.81	45.3	50.9	6	2.57	58.93	79.56	80.08	12.09	25.23	12.36	17.91	0.29	11.18	7.27	11
DonA_bin_34	86.92	2.46	2.01	5.76	15.86	37.18	7.96	25.57	9.25	14.72	18.88	13.49	12.68	28.39	7.32	19.62	10.44	11.79	13.25	43.29	50.58	0.87	60.45	71.06	35.21	15.92	77.57	83.09	37.33	56.71	23.84	21.23	55.89	19.2	19.69	16.38	10.96	28.46	23.83	0.31	0.27	0.28	0.37	0.19	0.44	0.54	0.26
DonA_bin_36	80.61	30.32	49.31	44.21	8.46	55.86	29.16	85.19	78.04	46.54	83.83	83.12	72.53	67.8	70.29	45.59	40.93	32.33	37.2	54.61	41.38	1.48	42.83	38.76	29.25	37.34	36.73	30.36	48.87	23.31	46.98	85.79	58.42	8.19	29.7	32.76	10.32	63.57	41.36	1.32	1.64	0.78	1.15	1.35	0.87	0.74	1.26
DonA_bin_37	47.63	48.87	36.44	37.58	26.42	6.12	43.84	10.15	20.57	9.08	3.05	3.3	20.36	7.29	35.07	16.59	31.45	34.62	14.73	16.15	45.16	0.19	37.51	22.24	49.33	22.36	5.08	3.79	28.13	26.13	74.66	79.54	89.95	33.41	63.67	61.37	6.79	39.04	60.23	0.14	0.13	0.1	0.15	0.14	0.08	0.08	0.09
DonA_bin_38	94.4	67.61	62.59	48.07	71.68	62.93	80.43	3.82	27.91	33.65	25.01	12.67	58.13	45.53	58.03	58.79	70.51	92.99	93.52	61.28	26.49	0.46	89.95	76.65	86.22	60.98	23.13	55.42	75.05	65.76	99.98	99.85	99.91	26.84	89.17	63.96	22.87	45.78	48.15	1.13	0.76	0.41	0.46	0.51	0.58	0.65	0.41
DonA_bin_39	94	82.16	64.03	67.58	80.07	97.58	71.81	95.19	72.76	99.63	98.8	17.3	6.11	4.11	8.84	93.97	71.91	50.48	58.11	72.61	73.86	34.81	14.24	22.02	4.16	8.53	57.74	65.34	36.94	43.5	10.59	76.42	35.29	51.09	44.8	26.16	23.3	91.7	92.38	34.98	29.84	24.13	15.02	48.55	15.68	27.73	7.05
DonA_bin_4	5.99	3.5	0.8	1.18	7.45	10.78	13.34	1.97	1.4	2.08	1.79	1.15	0.95	0.4	0.36	3.15	3.63	0.37	0.21	0.21	0.57	0.21	0.28	0.36	0.29	0.28	0.55	0.4	0.19	0.24	7.72	72.97	5.05	6.02	9.3	5.71	2.15	0.55	82.63	0.14	2.61	0.05	0.05	0.13	0.41	1.68	0.09
DonA_bin_40	84.63	57.29	65.44	42.99	80.58	49.38	41.6	85.29	88.35	88.08	82.27	72.3	46.49	24.34	74.91	60.43	63.34	75.13	67.4	68.76	81.71	0.31	55	56.71	45.68	28.58	86.47	77.38	49.73	77.94	51.56	67.2	76.02	62.39	53.79	59.7	68	56.44	83.01	0.3	0.37	0.16	0.18	0.26	0.15	0.26	0.28
DonA_bin_41	40.4	5.67	10.42	10.86	8.71	38.96	11.04	43.54	15.03	27.33	34.66	8.69	19.43	22.3	11.96	18.02	13.39	14.67	22.26	9.28	9.4	2.29	22.33	12.85	9.75	21.32	17.18	23.23	17.92	16.3	24.15	20.75	51.15	12.99	20.38	10.25	6.06	22.91	19.14	1.33	2.08	0.54	0.21	0.56	1.85	1.32	0.46
DonA_bin_44	46.35	5.66	0.36	0.17	0.85	3.64	1.17	8.04	7.25	5.8	7.98	9.72	7.27	4.27	5	16.03	22.28	4.68	0.58	2.29	0.39	0.16	0.14	0.2	1.91	0.3	0.38	0.26	0.15	0.22	40.02	32.95	63.03	0.21	6.04	4	0.26	0.35	0.27	0.11	0.14	0.07	0.09	0.13	0.09	0.07	0.08
DonA_bin_46	88.84	99.91	99.85	98.72	99.52	99.88	98.02	96.39	99.78	98.21	87.65	93.91	99.9	99.87	99.86	96.52	99.79	99.95	99.92	99.09	99.61	5.14	12.11	8.96	16.28	28.8	99.53	99.87	13.84	9.61	95.69	99.37	92.5	62.12	88.56	88.65	37.77	52.59	64.42	10.95	20.08	9.09	13.53	15.9	10.8	8.04	16.43
DonA_bin_47	50.35	0.91	0.62	0.6	0.79	0.57	0.55	66.67	84.25	74.3	79.54	50.22	87.45	82.09	81.12	83.38	85.23	90.1	90.08	82.93	70.96	0.38	0.54	0.56	86.73	64.83	88.61	80.07	0.74	0.72	0.42	0.61	88.4	78.44	92.63	86.8	77.81	60.49	74.6	0.19	0.24	0.17	0.23	0.19	0.16	0.14	0.2
DonA_bin_48	99.52	87.8	86.69	85.31	96.85	80.67	96.14	84.04	86.63	94.97	92.33	34.74	91.37	79.69	74.04	74.04	85.21	76.45	89.57	79.36	83.27	0.64	91.84	82.05	81.61	88.69	99.78	99.46	61.12	84.25	93	91.72	98.86	85.72	98.74	89.68	90.29	81.74	92.09	0.41	0.25	0.28	0.31	0.26	0.32	0.47	0.22
DonA_bin_49	17.89	39.3	19.08	22.84	34.3	69.26	35.29	3.56	6.2	9.58	9.27	5.22	7.56	11.56	10.96	34.93	78.38	20.15	28.18	19.04	9.5	0.15	1.74	0.85	36.47	4.06	2.46	2.47	0.63	0.38	34.53	58.22	36.73	54.86	19.58	7.63	30.28	3.13	6.27	0.3	0.3	0.15	0.41	0.33	0.24	0.1	0.46
DonA_bin_5	46.07	10.85	12.96	5.66	21.01	8.4	3.43	12.06	18.74	9	13.59	34.05	28.77	35.11	25.36	13.31	14.79	6.73	4.91	15.29	29.8	0.26	12.38	15.03	12.7	6.58	3.42	6.05	9.88	5.17	25.86	34.97	9.49	3.7	2.56	4.44	2.78	14.62	6.11	0.23	0.35	0.12	0.17	0.27	0.12	0.08	0.28
DonA_bin_50	97.15	86.83	91.83	96.99	88.85	91.41	97.67	74.21	87.84	94.86	94.5	34.99	76.14	61.56	70.86	96.19	97.55	90.96	91.27	97.64	84.42	1.18	98.11	96.56	93.88	50.88	70.56	94.94	98.62	96.31	99.86	98.63	99.77	98.63	96.74	96.94	98.88	97.62	97.93	1.5	1.11	1.13	1.38	1.07	1.26	1.32	1.18
DonA_bin_52	88.01	97.96	98.3	94.18	98.18	99.7	99.58	87.83	96.64	94.46	96.54	79.83	97.45	66.64	90.5	96.03	96.34	99.1	98.48	94.89	87.64	1.9	93.41	92.41	94.99	59.67	99.92	99.87	94.73	95.47	82.52	93.84	90.46	92.91	98.72	97.62	94.91	88.39	95.71	1.41	1.06	1.19	1.13	1.27	1.58	1.36	1.56
DonA_bin_53	46.48	82.67	71.12	67.81	71.76	69.9	90.63	41.66	56.8	44.38	58.15	1.57	7.88	5.88	5.12	4.15	6.09	8.72	7.47	5.17	4.12	2.97	2.61	2.39	5.65	8.37	4.3	5.6	3.91	1.32	62.31	66.3	72.73	51.21	78.17	80.55	40.6	26.19	52.14	4.53	4.32	7.35	5.63	5.27	5.45	2.24	4.1
DonA_bin_55	93.51	99.76	99.01	99.12	99.77	98.5	99.72	96.33	98.62	97.16	97.27	77.84	97.34	82.75	97.58	99.14	99.43	98.45	98.42	97.85	87.16	1.05	99.42	99.27	97.82	83	98.26	99.91	99.91	99.86	99.78	99.72	99.07	84.03	98.31	97.46	45.94	87.24	87.08	1.12	0.84	0.37	0.56	0.59	0.51	0.54	0.45
DonA_bin_56	84.47	99.02	99.66	99.74	93.24	99.98	99.99	87.29	99.98	89.71	91.16	86.63	99.79	88.48	99.82	98.59	99.77	99.98	99.97	99.95	99.74	1.6	99.85	98.46	99.3	24.04	29.59	94.42	95.75	5.39	99.89	86.94	99.68	99.95	99.88	99.49	99.53	99.52	99.5	1.96	1.16	0.84	1	0.85	0.87	1.14	0.84
DonA_bin_58	84.34	99.74	96.9	96.4	99.89	98.08	99.74	80.79	75.11	93.97	72.5	45.76	18.21	9.38	44.92	51.23	53.82	37.5	95.98	56.39	37.15	50.23	60.23	53.92	39.74	30.83	54.67	50.31	28.19	28.53	97.95	94.91	67.12	94.81	44.66	83.45	46.19	63.05	92.4	52.15	56.43	49.57	44.54	26.23	35.41	52.06	33.05
DonA_bin_60	59.64	15.38	5.27	15.4	15.86	71.86	17.62	47.56	9.28	35.67	63.59	24.18	2.76	0.19	5.95	11.87	5.08	4.79	1.74	53.28	37.86	6.47	22.89	12.3	19.63	0.85	18.47	20.74	21.89	14.71	35.03	9.97	43.4	8.5	1.16	0.44	14.81	50.47	20.68	1.47	3.43	1.88	1.77	1.09	6.13	7.32	5.03
DonA_bin_61	55.85	9.04	11.47	7.58	7.3	1.9	4.58	9.52	5.51	5.66	10.17	32.54	41.56	7.21	23.38	9.29	14.97	7.86	8.89	11.49	20.35	1.22	11.01	32.45	16.85	16.91	3.39	5.68	20.81	10.89	30.26	69.55	24.69	2.05	3.71	14.04	2.71	26.78	13.81	0.95	0.94	0.44	0.52	2.17	0.53	0.4	1.47
DonA_bin_62	68.91	34.44	40.33	20.01	35.52	0.93	23.7	28.97	23.82	27.56	43.7	27.47	33.03	24.95	55.66	28.92	13.53	3.18	7.3	12.12	19.67	0.57	31.78	68.02	31.87	16.42	2.79	15.03	37.97	6.48	55.74	84.56	56.57	6.69	10.91	18.17	13.52	47.38	54.02	0.36	0.42	0.2	0.32	0.52	0.24	0.17	0.31
DonA_bin_63	59.16	32.21	19.37	17.39	65.55	29.8	26.59	36.8	51.2	31.91	45.22	88.12	50.23	50.08	65.58	28.87	15.64	47.58	26.3	30.66	78.69	1.54	24.74	55.98	54.24	39.98	27.5	47.74	36.73	38.39	45.74	69.73	41.03	31.61	32.72	49.87	38.31	66.38	35.86	1.28	1.39	0.82	1.09	1.37	0.79	0.72	1.26
DonA_bin_64	62.4	33.33	38.28	64.44	75.31	99.2	70.03	95.78	73.38	93.13	95.06	65.4	51.27	48.22	45.9	85.49	67.83	79.74	74.2	77.61	63.5	0.85	81.37	68.47	57.07	96.93	54.33	88.62	73.13	92.8	59.62	27.99	66.55	74.12	80.06	61.34	53.78	41.88	43.82	0.43	0.44	0.23	0.29	0.25	0.38	0.48	0.18
DonA_bin_65	56.69	29.59	37.1	20.3	46.84	66.49	49.48	86.87	83.95	76.72	75.36	58.84	21.15	15.73	40.08	37.67	29.53	55.26	61.57	55.62	62.76	0.26	31.83	41.64	34.89	19.26	94.76	88.98	49.27	62.9	35.1	58.34	44.31	38.06	57.44	48.48	35.22	53.34	47.49	0.28	0.27	0.19	0.19	0.18	0.14	0.12	0.16
DonA_bin_66	25.36	2.54	2.24	1.45	5.18	2.99	2.67	3.16	4.37	10.43	4.65	2.44	3.09	22.25	3.68	0.87	2.17	4.51	7.05	2.29	3.48	0.77	0.99	0.54	0.91	2.59	6.31	2.19	0.99	1.09	7.16	69.52	17.33	0.92	3.61	11.58	1.14	3.66	2.46	2.61	3	2.69	1.34	1.36	0.62	0.2	0.85
DonA_bin_68	84.56	19.86	23.08	8.88	15.97	1.58	11.85	18.3	26.25	25.18	31.62	38.44	32.34	11.5	29.98	19.88	12.09	6.65	7.43	11.74	28.84	28.35	23.51	37.37	16.48	18.16	2.91	6.92	23.25	19.23	72.38	73.65	59.92	9.82	29.83	47.16	22.04	54.73	64.65	34.04	38.16	22.16	11.03	35.9	23.83	18.15	29.22
DonA_bin_69	88.8	65.78	64.4	75.96	48.52	55.68	58.65	10.56	36	30.59	43.93	12.01	22.81	10.7	41.61	72.92	80.39	74.07	66.36	35.04	40.54	0.25	48.63	59.43	78.12	67.62	6.05	16.83	55.4	64.09	93.34	59.97	83.99	32.71	42.92	48.88	30.54	48	70.63	0.21	0.19	0.17	0.19	0.17	0.23	0.14	0.16
DonA_bin_70	93.26	11.97	5.27	2.82	10.96	1.56	2.65	21.89	14.31	20.97	9.49	42.07	16.61	11.83	30.3	9.95	4.24	1.65	2.45	3.95	9.74	1.58	10.08	43.1	9.01	14.85	6.12	3.15	26.6	5.23	29.4	42.55	9.35	1.24	3.6	9.21	1.36	64.6	13.79	1.63	0.87	0.91	1.09	3.76	1.36	0.48	1.83
DonA_bin_71	56.16	46.01	36.15	25.64	37.75	74.31	33.01	93.36	27.06	97.46	95.44	42.39	32.86	28.37	46.56	16.4	10.39	36.97	52.63	9.28	28.59	6.32	8.83	13.46	14.51	8.92	6.67	2.27	9.91	25.84	43.61	74.9	69.84	22.41	62.59	45.96	19.2	45.77	38.31	4.96	5.39	5.17	5.24	5.43	3.55	2.03	7.44
DonA_bin_76	34.27	81.34	83.31	77.11	83.67	25.13	61.16	97.22	97.46	97.22	92.66	33.13	5.43	19.3	22.75	14.64	8.43	7.72	48.96	6.07	24.13	2.99	10.23	12.3	30.68	3.89	9.42	8.62	7.79	6.73	67.28	70.2	53.54	7.08	40.13	40.85	17.49	39.7	12.23	2.45	4.92	1.89	3.13	1.42	1.04	1.43	1.26
DonA_bin_83	43.5	8.09	11.02	9.59	12.63	47.89	10.28	84.04	67.01	63.86	63.32	11.71	13.25	20.73	7.24	16.66	9.93	15.27	25.79	49.29	37.96	8.82	28.53	20.22	10.34	27.48	61.38	66.42	20.05	35.05	32.95	5.17	68.71	25.49	25.32	13.47	29.19	22.08	14.69	5.1	4.86	2.75	6.68	1.32	3.47	8.14	1.75
DonA_bin_86	47.36	13.19	11.98	14.59	17.94	13.11	6.32	21.71	8.05	11.83	5.09	63.77	23.53	80.54	30.93	14.6	8.8	3	6.29	12.46	18.91	3.7	39.55	49.9	50.04	75.7	36.25	7.74	18.86	4.02	21.64	43.81	11.03	14.19	16.42	17.32	1.16	22.86	17.63	2.65	2.05	0.96	1.59	4.27	0.76	0.72	2.49
DonA_bin_9	98.62	65.6	70.15	41.48	54.75	74.09	33.66	83.01	55.11	77.85	73.51	40.03	22.21	46.51	76.49	50.08	54.58	66.37	56.46	62.5	29.46	2.57	27.94	50.13	45.11	25.68	38.58	36.66	91.62	73.71	76.92	80.52	76.41	15.13	57.87	81.32	26.27	90.25	56.5	2.47	2.08	1.23	1.71	1.87	1.34	1.63	1.69
DonA_bin_90	50.97	4.68	4.01	2.38	6.07	3.3	2.64	13.29	11.91	7.09	10.06	40.18	9.89	11.89	9.32	3.58	2.68	2.44	2.98	3.39	12.23	0.42	3.17	7.17	7.16	5.91	3.09	3.33	7.68	3.42	33.46	34.18	14.05	2.55	4.03	8.27	2.5	15.65	8.68	0.29	0.3	0.21	0.26	0.46	0.17	0.17	0.51
DonA_bin_92	73.81	92.98	90.23	80.47	80.85	90.32	86.68	51.31	50.75	58.6	67.57	22.37	47.78	58.88	14.06	70.62	86.5	86.03	92.59	65.3	22.13	0.08	62.22	33.98	36.8	67.34	86.9	75.62	25.58	32.65	79.61	64.46	89.39	24.88	15.99	34.14	29.79	12.55	28.78	0.18	0.17	0.03	0.01	0.06	0.04	0.06	0.05
DonA_bin_93	20.13	89.63	90.46	93.2	97.05	54.72	89.6	59.67	81.01	75.13	61.81	45.59	69.75	36.53	57.64	84.61	90.91	93.94	92.58	85.41	86.32	16.18	2.05	3.79	9.9	8.03	37.43	73.86	7.86	8.62	46.73	67.89	38.06	5.12	63.75	56.29	18.32	24.76	46.07	19.74	20.35	18.34	25.16	22.25	20.74	14.98	22.69
DonA_bin_96	78.02	63.72	80.18	84.49	58.27	98.76	93.72	98.73	92.73	98.17	98.12	78.78	23.69	95.11	95.94	98.13	97.89	95.85	98.98	85.05	88.87	0.31	98.1	96.05	89.55	82.29	97.67	99.63	93.25	59.74	65.55	59.86	96.69	16	56.75	35.11	2.4	63.29	82.24	0.49	0.19	0.16	0.16	0.17	0.19	0.22	0.18
DonA_bin_97	23.98	5.75	4.5	2.21	6.79	4.4	12.85	41.15	27.82	41.24	47.95	16.79	19.78	15.8	11.57	9.08	7.1	10.53	19.65	8.4	27.26	0.19	7.15	6.4	8.26	2.29	6.87	5.4	10.34	11.46	19.6	19.71	26.13	10.72	14.14	14.77	9.46	16.05	12.86	0.12	0.23	0.09	0.14	0.12	0.05	0.09	0.14
DonA_bin_98	16.81	2.47	3.32	1.84	2.14	3.8	3.68	6.96	7.8	7.63	4.73	25.81	45.78	15.11	23.43	6.47	7.36	4.55	3.22	1.46	12.48	0.4	12.22	38.27	40.17	22.74	31.4	9.92	19.68	10.71	30.44	8.24	38.39	1.23	26.71	45.49	1.15	54.17	30.82	0.12	0.25	0.11	0.16	0.18	0.16	0.19	0.16
DonB_bin_100	0.88	43.76	46.53	51.62	34.58	22.81	55.18	15.08	38.83	31.28	33.75	10.56	34.14	5.69	34.58	33.21	41.55	55.61	31.72	39	41.43	85.91	58.28	52.16	45.1	15.36	38.94	49.94	49.31	41.09	0.69	0.96	0.91	43.06	50.02	42.21	41.04	18.33	34.88	67.56	63.79	81.35	77.14	83.42	88.38	71.44	87.67
DonB_bin_103	51.32	47.21	20	25.74	80.33	90.3	31.16	80.7	90.09	60.9	68.09	99.67	95.14	90.4	88.07	53.06	20.56	94.35	34.49	59.55	89.04	99.71	93.77	85.04	57.62	99.57	13.96	32.03	46.73	99.07	56.25	44.01	15.2	42.15	58.87	96.81	91.83	68.22	84.05	98.45	99.49	92.53	97.85	97.49	95.69	89.55	97.43
DonB_bin_104	16.05	16.43	10.85	11.73	9.04	18.39	8.89	39.71	19.03	43.33	55	70.54	38.59	32.04	31.44	24.74	12.72	19.23	20.28	23.97	74.52	31.4	39.9	45.3	32.88	34.29	11.26	4.83	40.79	58.78	21.12	34.26	19.13	8.59	36.59	32.42	11.25	27.3	25.13	27.68	27.07	28.89	30.71	29.39	20.32	13.11	38.68
DonB_bin_105	0.22	41.9	73.16	84.16	79.34	31.65	59.79	12.98	17.44	60.41	20.04	6.49	69.02	31.71	56.86	74.86	75.98	93.55	14.76	28.98	45.44	21.66	15.75	35.65	0.41	22.56	31.68	0.34	1.47	25.51	0.33	0.24	0.08	56.83	47.06	63.89	55.85	6.57	14.68	11.75	48.92	11.77	39.67	23.36	30.65	5.08	25.21
DonB_bin_107	17.31	50.78	49.19	25.13	50.7	2.94	33.36	3.66	7.14	6.34	5.11	4.32	17.52	14.41	54.78	42.56	8.04	5.18	1.96	6.21	3.68	55.44	53.82	69.54	53.21	55.89	14.57	11.08	31.88	11.15	1.06	3.62	0.44	2.18	5.77	4.42	0.65	2.79	26.73	43.47	62.14	40.69	18.43	61.46	9.86	15.15	54.75
DonB_bin_108	1.4	6.85	8.82	3.58	44.25	2.76	10.11	31.13	26.15	20.46	23.84	45.86	12.08	49.09	17.36	12.09	5.93	2.11	8.8	11.4	10.07	54.6	6.71	45.16	17.04	13.44	18.31	19.57	5.89	13.96	0.9	1.54	0.52	6.58	5.46	10.97	8.1	24.39	17.74	26.67	20.71	11.94	36.12	44.54	20.83	19.45	67.73
DonB_bin_11	0.5	34.36	40.9	19.12	19.16	1.63	38.25	3.68	5.53	2.18	2.18	18.59	27.84	4.05	8.11	13.95	14.37	9.51	16.61	23.27	1.92	15.78	43.07	57.22	46	28.39	2.47	23.25	3.13	14.13	0.31	0.43	0.28	7.5	23.42	19.63	13.73	20.04	13.15	31.09	24.31	31.92	26.32	34.14	30.26	26.86	35.65
DonB_bin_110	0.66	89.27	94.03	90.65	87.93	18.86	1.6	0.59	0.72	0.69	0.7	17.92	36.26	30.7	33.29	77.93	86.49	65.3	50.79	66.55	13.54	70.85	76.8	46.21	69.33	86.35	8.55	22.6	20.47	15.27	1.09	1.5	1.12	57.86	16.11	13.56	67.77	2.13	23	82.45	91.67	92.83	92.6	96.22	89.2	71.12	92.89
DonB_bin_113	34.05	62.16	49.65	46.92	65.87	52.08	61.3	28.67	24.43	42.25	23.9	95.61	53.23	35.69	90.59	97.08	97.15	86.8	56.39	95.95	86.05	96.42	99.57	98.95	91.8	84.09	99.36	98.23	80.92	79.94	53.37	43.48	22.83	48.83	73.83	39.2	91.41	28.72	53.74	97.9	98.69	95.61	92.91	70.54	86.19	94.99	82.07
DonB_bin_114	1.81	7.34	19.74	10.92	18.43	0.79	6.04	10.51	5.15	10.16	15.92	42.73	25.62	16.6	17.7	43.18	6.25	5.77	6.33	9.44	21.81	79.26	11.23	35.15	45.64	32.83	10.27	18.7	61.39	10.17	1.15	1.89	1.35	1.79	2.74	6.29	2.65	12.16	24.55	58.8	92.27	54.66	58.1	88.86	43.69	54.58	80.93
DonB_bin_116	1.19	1.31	1.52	0.75	2.25	0.86	2.74	7.25	5.17	5.42	6.89	4.35	4.06	2.34	2.29	2.22	2.05	2.68	5.38	3.66	6.25	26.55	2.3	3.86	3.49	0.73	1.79	1.23	3.29	5.35	0.88	0.84	0.93	6.06	5.62	6.77	5.07	7.38	7.83	16.78	44.23	24.43	32.64	16.42	17.34	16.58	12.56
DonB_bin_117	1.95	99.47	99.83	99.9	98.52	36.38	96.8	86.9	99.33	94.65	97.55	43.86	88.82	23.31	97.36	99.82	99.87	98.24	93.74	98.34	94.39	95.66	99.77	99.89	98.89	88.11	28.29	77.93	99.83	99.86	0.83	0.84	0.86	99.64	99.76	99.17	98.98	99.39	99.33	97.21	62.91	91.96	95.67	97.31	98.95	99.63	99.14
DonB_bin_118	3.5	4.38	4.7	3.39	5.36	2.68	39.89	7.95	7.87	7.07	5.81	16.11	94.6	89.33	94.35	90.44	74.14	87.35	72.96	77.76	96.89	83.42	72.08	50.41	3.9	23.14	98.99	98.62	91.43	92.61	4.22	3.95	2.82	90.87	54.06	83.33	43.09	94.44	93.06	75.55	98.31	68.32	90.15	48.32	39.2	45.27	34.71
DonB_bin_119	13.56	46.81	36.51	8.81	13.09	66.55	58.79	14.1	6.74	23.97	21.25	93.5	55.64	41.08	76.28	19.23	10.9	82.42	86.63	97.42	98.47	99.07	92.61	98.48	34	54.28	92.17	90.91	99.19	99.61	1.13	7.64	2.94	21.8	36.5	10.9	10.28	77.12	62.48	88.96	86.94	58.11	87.16	94.16	75.97	97.37	65.79
DonB_bin_125	1.83	20.97	16.8	6.35	2.7	3.47	0.95	3.02	1.82	2.14	3.87	7.19	10	10.09	10.38	18.73	7.22	1.47	1.65	22.95	3.41	99.05	5.59	24.12	2.43	2.91	1.65	1.67	8.93	4.36	1.31	1.53	0.65	5.95	1.93	2	3.04	3.81	36.26	87.93	98.38	66.23	94.11	78.69	89.15	83.29	93.19
DonB_bin_126	5.61	33.47	29.49	12.81	21.42	2.12	11.87	29.75	12.96	11.34	16.73	34.7	10.87	6.11	10.69	13.25	12.97	10.76	5.12	10.15	13.2	78.75	6.34	39.13	25.65	12.57	2.48	26.27	44.25	14.42	5.94	5.91	3.49	17.31	7.89	6.28	20.12	19.47	67.82	74.23	70.98	77.77	66.97	75.85	62.01	40.73	73.96
DonB_bin_127	3.69	17.24	17.85	20.21	24.94	7.32	17.89	8.31	14.12	12.21	9.04	11.31	16.91	6.26	7.75	17.46	31.63	55.96	22.69	31.94	25.07	90.75	16.88	33.75	70.54	61.85	94.16	33.84	65.83	69.33	6.61	13.27	4.93	4.98	11.23	21.4	20.13	10.31	10.26	94.9	94.78	91.44	96.84	94.56	94.15	83.52	94.99
DonB_bin_129	43.79	9.64	9.84	3.74	7.67	0.74	4.75	9.2	10.77	10.31	12.98	25.9	23.98	19.29	24.71	19.93	9	5.94	9.34	11.59	34.33	59.76	16.14	26.85	13.01	9.74	5.26	6.84	30.87	15.78	33.54	35.61	26.71	6.07	14.58	26.12	10.21	32.91	34.45	69.5	75.94	49.37	25.72	70.79	52.2	40.91	59.63
DonB_bin_130	6.7	13.5	14.74	6.73	13.02	10.55	5.99	3.01	5.98	5.76	11.23	9.64	47.73	18.31	16.71	34.4	24.33	10.15	8.48	16.22	12.71	73.16	75.54	57.27	40.31	62.69	57.35	20.96	11.18	23.09	14.52	13.24	11.94	16.93	31.61	26.89	24.25	11.49	3.37	55.72	39.64	49.12	50.65	33.22	20.15	18.69	41.5
DonB_bin_132	1.32	0.8	0.68	0.47	0.75	0.35	0.38	1.23	0.92	1.02	0.9	1.67	1.39	1.22	1.25	0.8	0.72	0.54	0.51	0.58	1.04	38.28	22.69	31.23	1.19	1	0.78	0.56	1.02	0.6	1	1.36	0.64	0.32	0.72	0.94	0.36	1.09	0.92	27.61	30.32	15.99	20.37	66.62	23.12	2.81	44.86
DonB_bin_133	0.14	0.07	0.06	0.04	0.05	0.05	0.03	0.06	0.13	0.1	0.07	11.16	2.44	0.08	0.06	0.13	0.03	0.06	0.05	0.44	0.16	42.79	0.82	7.75	0.14	0.19	0.66	4.9	17.46	23.38	0.03	0.08	0.1	0.06	0.1	1.13	7.88	2.16	0.2	3.3	10.11	0.37	9.12	74.34	6.39	28.55	69.17
DonB_bin_136	6.43	0.91	1.45	0.54	0.81	0.34	0.37	1.21	2.69	1.96	4.55	6.79	7.49	13.63	7.02	3.17	2.4	0.51	0.51	0.78	4.98	20.59	1.52	5.9	2.53	1.49	1.19	2.63	5.94	0.96	7.9	8.44	3.61	0.68	2.7	4.09	1.09	16.31	10.57	18.06	11.3	9.51	5.53	54.9	9.41	10.32	37.57
DonB_bin_138	6.31	7.38	10.43	15.27	10.61	46.87	11.05	53.74	27.13	41.47	63.62	18.58	25.95	48.26	26.81	11.97	10.89	9.77	17.89	32.53	29.6	31.3	18.72	15.63	10.27	15.89	71.6	52.41	41.52	38.55	7.87	4.91	6.43	16.28	32.73	22.83	18.01	14.81	13.75	15.38	34.91	8.62	3.62	8.26	18.74	14.19	7.92
DonB_bin_14	31.51	14.21	18.5	9.34	16.95	3.24	20.26	20.66	34.28	35.56	20.08	77.45	83.66	72.73	80.21	63.32	62.68	47.55	38.37	59.18	77.63	55.48	13.15	38.71	65.81	43.72	53.3	46.86	76.59	73.25	16.72	30.67	30.31	27.63	50.88	86.16	57.31	87.73	79.55	61.39	68.16	50.58	34.44	60.34	40.75	37.07	46.56
DonB_bin_17	0.44	0.86	0.99	1.03	1.19	0.49	0.41	0.94	1.14	0.88	0.59	5.15	1.79	1.73	2.48	0.63	1.07	0.24	0.37	0.31	0.82	26.99	1.8	3.28	4.23	3.35	0.46	0.58	0.64	0.59	0.13	1.29	0.16	0.97	0.48	0.94	0.64	0.65	0.69	12.13	23.01	5.4	14.81	6.68	6.19	1.83	15.97
DonB_bin_19	1.13	0.48	0.57	0.26	0.59	0.35	0.36	0.93	0.87	0.94	0.72	1.38	0.89	0.84	0.99	0.52	0.38	0.37	0.28	0.46	0.83	1.86	2.59	5.3	1.95	0.85	0.53	0.37	0.58	0.47	0.73	1.35	0.6	0.29	0.55	0.77	0.23	1.12	0.56	75.06	3.19	0.68	75.28	0.93	0.43	0.42	0.8
DonB_bin_2	3.28	7.15	6.23	5.53	6.44	5.45	9.82	2.74	4.17	3.13	4.11	14.62	59.92	61.49	54.26	50.83	69.78	86.13	82.52	69.22	51.48	45.51	36.37	25.34	70.52	89.75	58.72	68.03	56.68	25.95	4.57	5.13	5.57	4.51	10.23	16.92	33.5	3.48	4.71	68.2	58.22	88.24	76.6	71.01	77.05	36.89	64.77
DonB_bin_23	0.82	5.21	3.28	0.94	6.69	7.39	0.89	1.87	1.45	2.34	1.92	6.9	5.74	2.25	11.1	4.72	4.51	0.77	1.11	3.45	3.17	40.87	2.2	6.85	42.3	20.53	2.95	1.97	3.76	6.24	0.51	0.87	0.41	0.85	1.69	4.72	1.47	4.31	18.21	26.56	26.46	5.12	13.58	10.91	4.97	5.3	13.14
DonB_bin_25	1.48	4.11	0.9	0.84	4.78	1.36	0.54	1.42	1.29	1.5	1.09	2.57	1.58	1.1	1.57	0.82	0.65	0.75	0.61	0.83	1.09	29.45	12.91	47.63	80.86	58.72	1.01	0.77	2.2	0.98	1.08	1.49	1.06	0.47	1.13	1.94	0.46	6.3	1.3	30.11	23.37	10.5	46.49	14.57	6.01	5.66	8.05
DonB_bin_27	0.4	1.05	1.87	1.6	1.63	0.77	1.24	0.62	0.79	1.35	0.74	3.91	1.43	1.65	3.87	1.81	1.33	2.06	0.41	1.17	1.63	28.07	0.8	2.14	6.48	4.69	1.41	0.52	1.67	1.71	0.47	0.77	0.43	0.99	1.59	1.8	0.95	2.56	0.84	10.24	42.66	0.97	36.54	17.87	4.4	4.4	25.86
DonB_bin_29	0.54	1.96	2.17	1.18	1.31	1.04	1.44	1.07	1.66	1.31	1.17	2.42	2.82	2.31	2.8	2.35	1.94	1.56	1.96	1.95	2.28	6.09	3.1	4.09	4.16	2.83	2.26	1.52	2.89	1.72	0.62	0.94	0.35	1.97	2.23	2.51	1.75	2.14	2.42	12.37	35.05	13.28	17.97	19.33	5.88	6.97	19.29
DonB_bin_31	14.5	1.92	2.16	4.26	4.08	32.36	5.64	39.89	21.13	20.11	24.32	9.67	10.31	16.44	5.53	20.51	12.99	13.68	18.23	21.03	13.91	62.73	19.12	20.91	12.06	22.56	46.74	54.34	16.81	23.06	6.61	1.95	8.12	11.74	9.88	5.8	4.81	8.49	7.1	12.88	10.5	15.28	13.78	4.18	16.97	21.57	6.23
DonB_bin_33	17.68	11.04	13.89	12.62	14.8	95.98	82	92.52	87.49	89.69	89.87	65.62	72.45	82.8	62.66	86.32	73.96	77.02	79.89	84.12	79.06	76.44	75.49	66.69	53.8	81.28	94.69	95.24	78.72	88.95	13.84	8.02	20.54	55.32	74.05	70.62	47.99	81.86	59.79	45.26	55.27	56.54	63.15	23.79	57.73	54.49	23.6
DonB_bin_34	0.31	41.26	38.4	17.3	39.87	49.38	60.87	35.35	44.26	65.46	50.3	35.67	57.3	59.85	34.06	19.99	15.35	60.75	78.79	56.28	42.39	7.45	13.65	4.17	15.38	16.61	88.18	65.03	13.92	31.64	0.32	0.51	0.2	22.14	45.18	30.88	25.02	42.08	14.81	27.86	53.83	23.82	12.9	7.1	2.94	2.03	2.3
DonB_bin_35	1.16	39.4	37.36	29.1	28.67	17.75	17.92	16.52	13.36	11.98	15.75	18.25	22.91	34.55	27.06	33.18	28.22	5.66	14.9	26.83	22.83	42.57	28.84	24.05	19.26	19.91	37.53	30.7	14.96	15.33	0.6	0.6	0.23	9.9	10.68	9.75	12.19	6.11	23.13	8.72	25.56	11.37	24.61	9.17	33.26	39.31	26.56
DonB_bin_37	31.65	21.19	27.49	14.73	19.37	16.11	10.77	28.81	25.82	24.65	29.02	36.13	33.01	50.73	33.08	23.69	28.53	13.4	23.13	21.08	21.51	64.82	24.22	34.06	32.19	27.93	36.39	25.96	22.91	16.87	31.49	24.92	23.47	9.02	9.79	17.4	12.17	33.37	20.9	62.28	35.21	48.51	46.39	70.73	52.01	36.06	74.81
DonB_bin_38	12.35	12.53	7.02	9.4	15.51	17.55	2.77	14.76	15.63	15.94	15.68	92.27	59.59	81.29	87.33	34.67	50.08	14.58	16.68	72.4	62.77	89.55	79.46	83.76	70.97	96.99	62	61.56	83.97	64.74	9.13	5.89	3.72	2.78	3.72	5.53	2.63	38.56	48.82	62.28	87.42	50.95	42.81	37.19	36.85	29.14	63.53
DonB_bin_39	0.9	8.23	94.86	7.19	33.88	94.96	84.94	57.99	37.7	75.63	53.21	40.95	42.11	66.73	57.15	67.95	71.12	75.46	84.17	68.86	21.98	87.92	42.69	29.71	57.73	39.97	71.54	77.96	55.33	59.4	0.66	0.81	0.39	45.88	81.87	81.19	63.09	68.49	82.93	97.44	67.86	95.43	90.46	85.24	90.68	66.96	82.93
DonB_bin_40	5.54	4.58	5.44	4.83	5.77	2.9	2.09	10.15	8.85	5.04	3.87	16.95	14.64	17.79	15.65	14.31	8.63	5.31	3.9	6.08	11.38	25.12	6.99	5.98	11.03	4.55	11.59	9.77	8.34	9.19	9.41	18.7	7.19	3.79	15.51	29.05	10.2	16.47	19.71	61.44	29.56	27.76	20.65	40.86	29.29	23.29	29.33
DonB_bin_43	2	3.18	2.82	1.32	8.66	5.64	1.92	9.4	2.22	3.15	5.36	43.98	87.09	45.42	66.9	61.11	55.45	3.59	3.27	37.69	15.22	99.32	19.55	64.19	81.71	50.89	40.64	38	80.58	11.35	1.08	2.22	1.17	14.18	10.2	34.85	37.93	64.21	65.64	82.22	88.8	30.13	83.17	98.43	29.18	68.16	98
DonB_bin_44	4.07	10.13	10.61	2.68	28.55	4.18	7.27	70.95	40.42	39.2	27.97	86.33	41.35	23.69	40.23	9.6	5.29	37.8	6.43	22.14	92.32	64.94	18.08	65.34	52.8	35.94	51.63	81.17	66.25	20.53	1.15	6.74	1.11	3.54	3.82	9.43	8.12	20.36	19.48	33.45	48.79	34.95	50.17	46.93	37.73	27.7	64.97
DonB_bin_45	9.6	11.22	17.28	14.84	17.67	72.79	19.25	34.01	24.46	19.25	17.95	25.02	27.08	50.1	18.99	47.82	30.56	17.81	26.15	34.31	26.84	43.06	16.05	13.32	7.62	17.83	49.07	51.43	21.11	27.41	6.79	2.45	14.35	26.51	42.11	13.32	13.18	50.44	30.46	39.42	39.7	17.86	53.14	10.58	22.27	59.74	14.48
DonB_bin_46	5.86	65.61	31.09	9.24	43.68	1.07	9.09	30.63	1.83	84.02	21.01	13.25	12.66	12.5	16.26	9.89	6.36	10.37	2.03	7.31	57.56	14.66	7.97	9.38	69	52.09	12.8	6.55	98.94	7.12	14.39	5.56	2.01	13.02	4.83	25.73	2.27	15.93	51.54	63.27	78.67	34.25	34.53	31.93	15.6	17.26	56.62
DonB_bin_47	0.63	7.19	7.06	2.42	3.67	3.24	7.21	1.43	1.18	3.12	2.93	3.59	9.32	5.18	3.47	1.95	4.68	8.98	5.96	3.85	2.03	46.79	3.11	1.81	2.17	2.19	5.51	4.47	1.35	2.76	0.37	0.64	0.35	4.88	13.17	12.52	6.12	14.39	7.91	80.34	47.59	61.93	49.57	88.23	32.31	6.57	45.33
DonB_bin_48	0.32	29.73	18.34	4.18	17.99	2.17	0.33	0.31	0.27	0.29	0.27	31.42	11.31	1.07	19.57	19.78	6.39	0.33	0.26	33.59	9.88	34.49	47.09	60.11	47.6	17.03	12.56	6.64	51.53	24.76	0.27	0.3	0.21	44.29	36.82	56.75	36.23	26.03	67.4	64.04	91.46	48.7	84.86	72.25	57.23	54.65	75.89
DonB_bin_5	1.05	2.49	2.56	1.52	3	3.64	3.19	2.2	2.29	3.38	2.77	8.01	16.79	18.49	11.54	4.78	10.01	8.63	21.12	10.69	8.15	20.7	5.29	5.87	13.46	15.66	13.92	11.23	3.38	8.74	0.28	1.03	0.52	8.79	9	14.37	15.59	12.2	6.37	37.77	14.78	38.32	14.49	10.89	9.31	4.84	11.02
DonB_bin_51	0.72	3.52	4.59	5.5	1.93	2.3	3.81	0.49	0.6	0.66	0.72	0.42	1.22	0.38	1.74	6.12	6.59	1.78	1.54	1.4	0.92	99.1	16.9	12.21	8.05	1.63	0.76	0.86	2.83	5.94	0.65	0.44	1.01	28.39	10.68	1.55	94.51	5.28	53.29	61.3	20.43	99.44	99.91	65.21	99.95	92.83	87.59
DonB_bin_52	1.53	82.03	68.79	89.68	55.02	42.8	59.8	15.49	46.96	9.03	14.1	9.25	37.93	8.75	27.87	81.51	89.93	61.2	48.72	44.22	20.75	90.62	76.42	68.21	37.42	15.62	3.27	46.18	85.86	51.09	0.82	0.8	0.93	98.97	89.35	67.45	95.55	54.75	80.23	99.34	72.89	99	88.62	93.63	99.08	98.03	94.73
DonB_bin_53	1.68	1.03	0.86	0.56	1.06	0.77	0.57	1.55	1.43	1.44	1.46	2.06	1.15	1.2	1.41	2.4	0.84	0.76	0.6	0.9	1.34	96.22	4.84	29.59	1.59	1.49	0.89	0.76	1.15	1.05	1.2	1.74	0.91	0.55	1.07	1.23	0.6	1.53	2.01	66.5	94.62	38.19	29.34	97.21	90.31	88.23	98.06
DonB_bin_54	0.97	9.57	13.6	9.99	84.82	2.58	15.89	6.88	6.3	17.49	11.41	92.52	20.65	31.5	21.26	4.93	7.49	26.15	4.09	9.52	33.44	81.86	9.97	26.38	61.15	38.54	4.79	36.94	4.85	16.19	0.67	1.73	0.59	28.04	12.17	32.33	40.42	26.21	21.88	85.2	94.01	64.14	87.76	61.32	28.56	16.51	61.61
DonB_bin_55	2.15	1.68	1.61	1.08	2.09	1.61	1.25	3.47	2.61	3.42	2.56	4.48	1.98	1.99	3.38	1.93	1.56	1.26	1.1	1.36	3.35	81.84	4.47	10.13	2.92	3.2	2.31	2.97	3.9	1.8	1.5	2.17	1.83	1.03	2.76	2.8	0.99	2.69	2.97	13.09	47.13	4.29	8.76	44.57	14.31	10.88	38.8
DonB_bin_56	0.21	75.32	26.52	41.04	65.05	28.73	62.39	0.12	0.15	27.87	4.99	19.08	1.9	0.67	4.08	14.66	10.78	43.37	43.02	11.18	21.01	41.47	59.94	49.62	50.51	22.8	74.44	14.43	10.1	6.84	0.18	0.15	0.05	41.42	29.69	29.07	18.69	16.61	38	39.6	72.42	33.32	38.37	15.6	33.18	21	30.47
DonB_bin_58	0.07	0.03	0.03	0.03	0.03	0.02	0.02	0.03	0.03	0.02	0.02	0.05	0.05	0.03	0.03	0.04	0.04	0.04	0.04	0.03	0.03	80.73	0.04	0.03	0.05	0.05	0.04	0.02	0.01	0.02	0.02	0.04	0.02	16.02	0.24	10.13	0.04	0.06	0.29	41.8	0.84	34	16.78	0.08	47.72	22.37	0.39
DonB_bin_59	6.16	99.93	99.9	99.99	99.91	45.31	99.87	50.36	94.2	57.09	62.56	16.67	71.43	12.06	83.95	99.15	99.5	94.47	95.54	82.36	69.97	99.84	99.91	99.88	99.82	99.66	4.62	20.19	97.93	99.71	1.23	1.12	1.56	99.9	99.06	98.13	99.63	98.19	98.77	99.97	98.33	99.92	99.81	98.15	99.84	99.81	99.38
DonB_bin_6	1.5	1.39	1.32	0.72	1.48	1.51	0.8	2.1	1.58	1.95	1.94	2.87	1.75	1.53	2.09	1.33	1.03	1.05	1.08	1.31	1.79	37.39	1.3	2.54	3.38	2.15	1.93	1.19	1.71	1.43	1.14	1.42	1.06	0.76	1.47	2.27	0.83	2.26	2.34	18.26	33.91	13.35	21.22	14.58	15.17	21.79	9.74
DonB_bin_60	0.46	63.25	69.87	15.51	18.44	2.41	81.95	39.45	74.42	49.49	58.55	44.38	74.76	41.1	31.5	21.35	20.94	59.87	55.06	71.82	16.46	39.33	10.84	36.18	40.32	10.94	42.4	30.38	13.09	44.64	0.28	0.26	0.18	45.8	65.07	56.15	38.59	53.33	55.35	64.2	50.46	52.35	55.04	50.8	32.51	30.69	40.34
DonB_bin_61	0.97	11.57	7.79	3.45	6.76	0.2	0.53	1.37	1.18	1.23	1.23	3.96	7.31	2.68	5.92	6.69	4.02	1.21	8.68	7.93	4.83	15.26	3.44	10.96	6.67	3.56	3.51	9.2	5.28	3.75	1.01	1.55	1.03	2.68	3.16	4.49	2.58	10.57	9.81	15.46	44.65	21	22.16	16.75	24.18	9.06	25.86
DonB_bin_63	0.78	0.42	0.28	0.41	0.59	0.25	0.21	0.09	0.13	0.13	0.09	19.29	39.21	38.98	57.35	52.45	72.49	30.24	19.12	14.06	42.49	93.46	59.85	84.47	98.69	65.47	20.35	16.62	73.9	68.8	0.18	0.16	0.19	94.32	97.82	98.68	92.06	42.55	93.83	64.44	1.21	0.17	73.05	99.74	99.69	98.19	99.62
DonB_bin_64	10.77	5.59	11.43	3.87	6.25	0.49	5.79	3.91	5.27	13.37	11.24	11.35	11.1	7.35	15.73	8.38	5.75	2.16	1.96	5.89	5.12	50.13	10.96	32.67	14.64	12.28	8.18	7.58	19.15	7.61	8.04	10.12	7.22	1.24	5.38	12.14	2.82	14.6	10.35	35.77	25.45	30.1	25.28	43.56	19.21	10.06	40.64
DonB_bin_66	2.12	1.35	1.21	0.96	1.61	1.15	0.82	1.85	1.7	1.6	1.6	2.27	1.65	1.6	1.84	1.28	0.99	1.02	0.87	1.05	1.63	14.12	1.26	2.16	1.61	1.97	1	0.93	1.52	1.19	1.38	2.05	1.13	1.21	2.38	2.22	1.6	2.76	2.52	95.66	86.74	78.45	74.77	96.82	59.78	31	92.14
DonB_bin_67	10.59	24.09	24.26	17.57	20.67	24.42	17.51	13.04	21.42	16.26	9.47	11.55	22.61	22.89	24.82	14.65	26.06	29.58	30.08	19.72	21.19	58.85	83.46	80.48	96.45	99.2	99.31	64.05	94.71	86.96	12.75	19.42	12.48	7.27	10.23	10.1	5.1	4.04	6.36	89.04	99.62	87.15	97.38	98.11	93.23	82.51	98.46
DonB_bin_68	0.69	3.14	5.05	4.19	3.67	33.53	12.52	34.91	18.6	33.75	38.92	13.58	15.49	14.82	8.71	13.18	10.15	7.47	11.84	12.91	7.48	72.11	11.37	13.8	8.29	12.43	40.67	61.98	18.39	22.96	0.5	0.34	0.78	7.02	17.31	6.65	5.63	8.85	6	47.48	23.91	56.39	34.14	19.82	60.99	53.51	24
DonB_bin_7	0.24	6.74	0.88	18.01	19.88	1.09	0.65	0.22	0.08	6.85	24.62	0.16	0.11	0.12	0.09	3.71	1.8	0.07	0.02	6.7	13.27	19.71	5.61	1.84	0.13	0.1	0.1	0.05	0.12	0.1	0.18	0.06	0.05	2.16	0.27	0.08	1.3	9.4	23.06	28.93	78.2	24.55	75.57	0.03	63.39	11	1
DonB_bin_70	1.03	8.81	6.34	6.99	8.04	8.88	11.81	10.97	10.12	6.29	2.41	19.92	22.47	30.84	15.18	6.44	5.9	4.27	3.69	3.12	11.73	2.52	10.33	6.68	15.14	31.86	18.16	11.85	6.56	5.92	3.57	14.05	6.1	12.81	16.68	21.6	14.47	11.85	10.37	14.63	34.66	13.63	28.79	12.12	7.6	3.29	8.27
DonB_bin_71	0.37	0.26	0.28	0.19	0.54	0.17	0.16	0.31	0.37	0.39	0.3	0.55	0.27	0.32	0.38	0.29	0.2	0.18	0.1	0.25	0.3	11.74	0.93	5.54	0.59	0.7	0.24	0.15	0.25	0.23	0.32	0.55	0.16	0.17	0.32	0.34	0.16	0.32	0.46	41.64	49.6	16.03	40.77	80.68	47.7	49.92	87.02
DonB_bin_72	3.99	9.09	18.95	11.71	6.98	16.85	7.93	16.7	17.65	16.5	8.51	21.18	28.75	23.78	22.13	14.32	14.29	14.56	7.46	10.96	15.13	25.18	84.61	59.49	82.95	90.3	23.17	15.48	60.05	9.47	7.52	15.23	6.49	12.88	17.21	17.68	8.43	11.71	10.89	53.38	67.08	63.41	62.18	81.44	57.38	32.53	70.63
DonB_bin_73	7.52	2.75	4.01	3.48	3.35	16.26	6.54	11.48	8.18	7.62	12.56	2.85	4.78	10.46	6	7.9	5.88	3.35	4.77	8.59	6.04	96.9	5.7	4.05	4.16	1.36	10.26	12.28	5.81	6.73	4.54	2.52	6.18	11.45	9.19	3.7	2.69	8.82	8.46	66.95	44.68	68.39	78.29	60.79	84.84	87.24	58.18
DonB_bin_74	0.2	29.22	31.82	26.41	36.31	53.35	44.49	0.24	0.19	21.4	23.28	18.01	41.1	34.91	22.85	29.88	23.42	50.62	52.7	50.89	29.62	62	44.29	26.99	39.13	45.56	44.46	29.97	17.69	31.38	0.24	0.14	0.2	40.04	72.7	28.95	36.41	12.35	14.7	73.89	0.18	0.13	55.42	43.04	46.85	25.43	39.11
DonB_bin_75	15.57	3.11	1.05	3.04	3.52	19.01	3.59	10.68	1.9	7.14	16.64	4.8	0.53	0.04	0.96	2.55	1.62	1.03	0.44	12.8	8.88	66.15	4.81	2.5	4.06	0.18	4.54	4.52	4.65	3.19	6.71	1.46	7.16	1.91	0.4	0.23	2.88	22.02	7.27	21.05	40.56	23.06	21.38	14.91	59.81	62.9	52.8
DonB_bin_77	0.7	4.65	15.88	4.6	5.45	3.69	4.48	12.28	35.07	2.58	10.39	33.66	29.95	31.73	47.05	20.52	6.08	0.85	1.09	2.44	48.61	43.16	5.27	18.92	11.85	6.78	12.55	8.87	32.87	7.63	0.36	0.7	0.19	1.36	12.48	20.04	3.65	48.56	29.98	33.65	33.59	13.41	15.59	41.5	21.72	16.42	66.87
DonB_bin_78	21.34	23.38	24.51	26	26.22	19.52	30.11	14.33	20.55	15.76	18.86	10.86	24.41	14.65	20.88	29.95	30.06	32.85	35.03	34.43	26.25	95.26	68.3	67.42	31.99	19.77	29.4	42.08	25.15	29.2	27.26	20.56	26.99	24.36	29.44	28.28	79.34	28.24	27.3	98.48	94.22	98.6	97.95	96.52	97.73	95.15	92.41
DonB_bin_79	2.12	0.23	0.23	0.15	0.52	0.18	0.13	0.37	0.28	0.28	0.26	0.58	0.34	1.79	0.36	0.21	0.13	0.13	0.1	0.17	0.3	5.04	0.3	3.35	0.47	0.47	0.24	0.14	0.25	0.16	0.74	1.52	0.37	0.18	0.3	0.28	0.08	0.27	0.35	30.84	44.55	2.98	5.81	45.82	27.77	7.64	60.65
DonB_bin_8	0.07	9.76	4.55	2.37	9.05	0.13	3.35	0.05	0.23	1.41	1.81	71.15	43.49	32.96	6.56	12.62	9.49	6.28	18.12	15.89	6.45	1.18	9.52	19.79	5.39	6.29	1.84	1.74	3.54	5.56	0.11	6.69	0.01	0.17	0.47	4.5	0.03	0.59	5.36	5.31	99.91	14.08	5.01	0.57	0.67	10.39	0.59
DonB_bin_80	3.92	89.53	95.86	98.92	95.14	29.95	97.35	24.78	74.01	49.29	34.75	5.49	52.5	12.2	86.71	98.16	98.58	96.42	94.22	80.12	48.46	50.15	97.95	98.6	97.23	83.83	5.15	16.73	99.02	98.48	1.19	0.92	1.3	99.31	99.16	98.83	99.56	95.42	94.96	99.54	94.25	99.58	98.94	98.86	99.18	97.21	98.8
DonB_bin_81	5.24	13.99	11.52	12.79	30.78	17.27	11.18	7.39	5.08	5.45	5.31	23.42	11.45	17.9	10.91	25.25	7.73	5.78	5.62	16.07	9.77	88.63	63.32	76.11	49.65	38.93	10.96	22.38	9	10.54	2.68	4.83	1.9	13	13.28	11.32	7.74	29.01	29.37	74.04	47.78	31.1	45.75	50.8	31.36	18.52	56.23
DonB_bin_82	37.39	21.3	19.78	12.13	25.39	31.39	24.56	39.18	35.85	38.6	40.9	35.33	34.27	38.39	32.02	8.8	10.25	8.9	24.83	26.78	31.26	36.48	5.97	9.27	11.89	8.77	29.42	9.26	24.14	23.99	30.78	37.28	31.52	10.14	25.36	31.77	10.58	33.6	23.72	29.67	37.6	35.87	29.59	48.23	15.34	25.25	21.5
DonB_bin_83	0.95	1.57	2.24	1.99	15.76	4.22	2.83	2.38	2.28	2.66	1.68	9.77	3.12	9.75	3.04	2.54	2.65	3.21	1.02	4	20.55	39.26	4.38	18.8	70.33	41.13	3.87	3.41	2.37	4.28	0.72	1.57	0.64	0.82	3.18	3.34	1.33	9.19	17.55	81.07	42.29	42.07	84.49	46.91	30.72	20.48	49.97
DonB_bin_84	2.6	5.81	6.86	4.61	5.97	6.47	4.87	5.92	5.08	5.39	4.07	10.61	10.3	13.84	12	6.94	6.09	2.89	3.63	6	6.34	74.63	8.9	9.82	8.02	10.24	7.76	5.5	8.44	4.41	1.86	2.36	0.96	3.08	4.61	5.37	1.62	4.96	4.82	29.52	15.1	10.22	5.12	18.96	8.63	9.45	24.11
DonB_bin_85	4.39	7.26	4.39	3.96	13.76	1.62	1.3	3.8	1.46	1.91	1.58	13.85	10.07	17.98	8.3	11.18	3.77	1.03	1.15	4.59	4.64	64.67	56.41	55.39	12	24.04	4.54	1.52	4.96	1.55	4.08	7.75	0.94	2.29	2.14	3.84	0.42	3.27	6.07	23.57	63.14	8.64	47.89	76.47	5.59	14.59	67.74
DonB_bin_86	19.71	77.47	80.49	70.31	73.29	97.22	93.4	86.4	67.96	81.72	62.99	84.08	83.75	94.42	59.08	76.12	59.08	87.3	76.92	75.23	60.98	89.04	88.78	72.98	86.1	95.72	97.76	94.72	66.38	34.19	12.08	8.3	20.19	88.71	94.7	93.6	87.45	95.24	62.22	90.99	59.07	85.18	59.17	89.58	82.1	38.71	48.4
DonB_bin_88	1.76	0.8	0.55	0.64	0.95	0.4	0.42	1.16	0.66	1.08	0.92	1.57	1.15	0.92	1.12	0.96	0.62	0.31	0.5	0.71	1.03	61.83	10.23	13.12	1.13	0.96	0.77	0.81	1.19	0.72	0.55	0.88	0.44	0.49	0.66	0.74	0.38	1.08	1.03	5.46	28.21	4.14	6.09	6.02	3.51	11.29	16.19
DonB_bin_90	11.18	13.76	6.03	7.25	25.43	2.18	2.86	8.69	4.13	7.69	5.41	29.6	16.99	42.74	19.51	15.26	3.77	1.61	2.39	10.95	14.11	36.67	29.07	35.1	18.39	26.67	9.55	3.1	9.88	2.78	6.85	11.41	0.79	3.31	2.38	4.13	0.74	5.18	8.74	18.03	44.49	9.31	16.54	38.81	3.04	6.51	46.72
DonB_bin_91	5.64	10.12	4.66	5.43	3.49	0.46	9.33	23.03	7.04	29.28	8.39	24.79	17.41	27.44	17.78	16.1	12.26	2.53	12.69	5.18	32.84	38.89	12.7	18.92	3.27	8.31	5.61	11.65	14.22	7.66	0.84	7.18	0.86	3.52	5.8	9	3.73	16.57	6.31	10.82	25.99	3.9	11.83	16.21	3.12	2.7	9.18
DonB_bin_92	0.52	93.01	92.84	91.97	80.78	28.46	77.39	25.79	61.91	30.28	37.16	15.28	55.53	19.16	66.86	76.26	84.7	52.09	31.97	21.16	33.69	24.55	83.84	93.44	91.35	70.78	0.14	0.2	0.65	0.58	0.14	0.13	0.3	95	81.85	81.82	92.15	85.97	98.63	74.4	0.5	0.65	96.89	0.61	0.63	0.58	0.59
DonB_bin_94	13.82	82.45	89.66	62.46	81.17	93.7	23.5	84.83	80.83	74.98	55.29	93.01	95.55	97.46	95.15	74.61	67.18	65.1	51.1	68.07	66.5	57.84	70.9	71.92	66.13	92.05	88.96	73.71	76.8	29.39	10.68	24.2	6.1	52.81	71.04	76.93	32.03	82.12	78.54	59.72	55.25	51.97	32.78	76.23	15.88	9.72	52.06
DonB_bin_95	25.79	2.26	1.94	1.87	3.55	2.78	6.72	7.74	5.74	14.84	6.22	3.07	1	1.36	0.9	2.55	0.72	1.64	4.45	3.3	12.69	60.81	3.16	2.97	2.97	1.47	22.99	13.64	6.58	9.77	3.22	11.53	8.11	2.67	16.16	15.14	2.84	5.99	6.38	13.6	23.71	21.42	9.58	12.4	15.68	11.41	6.55
DonB_bin_99	33.22	10.04	5.56	13.78	11.18	10.73	4.04	20.25	5.96	14.07	17.7	7.33	0.42	0.16	1.15	8.83	2.22	0.47	0.27	8.03	22.42	96.22	9.94	3.38	11.51	1.25	0.83	1.48	4.34	6.29	13.65	4.88	14.98	13.24	6.37	7.89	8.03	61.05	31.56	87.36	99.42	80.89	92.05	2.54	80.44	61.3	79.93
